"Município"	"População"	"IDHM - Educação"	"Renda per Capita"	"Despesa Educação"	"Matrículas"	"Docentes"	"IPDM - Educação"	"Grau Urbanização"
"1"	"Abatiá"	7.727	0.596	535.86	2196022.16	1.852	100	0.5632	73.83
"2"	"Adrianópolis"	6.328	0.563	440.79	3096098.36	1.84	109	0.4147	32.31
"3"	"Agudos do Sul"	8.351	0.543	519.63	2652145.16	2.163	86	0.3198	34.12
"4"	"Almirante Tamandaré"	104.35	0.575	646.02	24008418.37	22.617	823	0.2931	95.82
"5"	"Altamira do Paraná"	4.1	0.571	506.31	1602399.33	1.214	52	0.5752	49.58
"6"	"Alto Paraíso"	3.162	0.556	540.24	2149871.21	951	55	0.5626	55.27
"7"	"Alto Paraná"	13.736	0.587	548.25	7251791.55	3.092	129	0.7169	82.13
"8"	"Alto Piquiri"	10.135	0.578	515.07	3877469.01	2.909	116	0.6859	82.29
"9"	"Altônia"	20.615	0.641	585.49	6535898.51	4.955	204	0.8617	73.57
"10"	"Alvorada do Sul"	10.363	0.617	605.41	3064703.66	2.098	117	0.5945	71.36
"11"	"Amaporã"	5.504	0.591	441.01	2106002.82	1.421	54	0.487	79.55
"12"	"Ampére"	17.438	0.62	618.76	5665619.9	4.445	229	0.7074	76.59
"13"	"Anahy"	2.864	0.593	520.88	1550046.5	705	49	0.7415	73.35
"14"	"Andirá"	20.53	0.66	587.51	6852432.27	5.311	231	0.6728	93.89
"15"	"Ângulo"	2.861	0.644	641.37	1313604.27	657	52	0.784	78.8
"16"	"Antonina"	18.87	0.564	572.38	6556593.65	5.117	244	0.381	85.03
"17"	"Antônio Olinto"	7.347	0.547	393.68	2839494.9	1.713	78	0.6872	9.35
"18"	"Apucarana"	121.924	0.668	804.81	34229577.71	30.46	1.417	0.765	94.36
"19"	"Arapongas"	105.588	0.669	855.02	25861199.19	22.868	1.081	0.7631	97.79
"20"	"Arapoti"	26.007	0.643	684.8	8825589.48	7.263	351	0.6066	84.23
"21"	"Arapuã"	3.515	0.584	424.27	1595912.97	989	65	0.6626	37.46
"22"	"Araruna"	13.445	0.648	566.78	4312161.31	3.366	146	0.5508	78.06
"23"	"Araucária"	121.032	0.639	814.39	115735295.26	34.658	1.454	0.5561	92.51
"24"	"Ariranha do Ivaí"	2.42	0.594	420.24	1371593.45	535	36	0.6759	36.85
"25"	"Assaí"	16.225	0.641	723.56	6326500.29	4.093	214	0.5876	83.08
"26"	"Assis Chateaubriand"	33.003	0.633	676.1	11664340.08	8.563	489	0.7747	87.85
"27"	"Astorga"	24.78	0.675	875.14	6904374.01	5.661	292	0.7838	91.34
"28"	"Atalaia"	3.906	0.66	649.55	1405939.83	889	61	0.8233	85.54
"29"	"Balsa Nova"	11.422	0.579	652.54	5913455.98	3.022	152	0.5977	60.8
"30"	"Bandeirantes"	32.066	0.658	679.72	10619664.16	8.809	476	0.6058	88.19
"31"	"Barbosa Ferraz"	12.545	0.625	507.7	3706446.45	3.249	158	0.6796	75.7
"32"	"Barra do Jacaré"	2.728	0.747	543.58	1411677	589	43	0.7625	67.88
"33"	"Barracão"	9.766	0.59	688.92	3529245.86	2.879	177	0.7617	71.99
"34"	"Bela Vista da Caroba"	3.903	0.572	507.41	1926523.04	1.033	61	0.6285	26.39
"35"	"Bela Vista do Paraíso"	15.083	0.604	710.14	3751670.21	3.423	191	0.4768	94.14
"36"	"Bituruna"	15.892	0.556	443.43	7677786.3	4.989	193	0.5287	62.34
"37"	"Boa Esperança"	4.523	0.673	575.77	1862833.81	1.167	76	0.7043	57.79
"38"	"Boa Esperança do Iguaçu"	2.738	0.602	527.03	1335126.75	734	50	0.7963	34.48
"39"	"Boa Ventura de São Roque"	6.537	0.553	415.44	2889185.35	1.874	92	0.5353	23.56
"40"	"Boa Vista da Aparecida"	7.872	0.563	510.39	3345917.05	2.004	93	0.6153	61.94
"41"	"Bocaiúva do Sul"	11.136	0.473	547.26	5104024.8	3.035	139	0.3031	46.67
"42"	"Bom Jesus do Sul"	3.769	0.656	430.51	2677155.12	1.157	79	0.8163	24.58
"43"	"Bom Sucesso"	6.591	0.57	592.27	3280992.96	1.639	72	0.5691	81.22
"44"	"Bom Sucesso do Sul"	3.286	0.695	639.33	2824252.27	682	39	0.7765	48.01
"45"	"Borrazópolis"	7.758	0.633	604.08	2088656.65	1.69	95	0.6976	73.74
"46"	"Braganey"	5.7	0.627	580.75	2410432.22	1.625	94	0.6963	59.58
"47"	"Brasilândia do Sul"	3.157	0.572	550.58	1433010.07	763	43	0.6577	67.93
"48"	"Cafeara"	2.712	0.602	560.67	1655748.92	864	50	0.6156	81.45
"49"	"Cafelândia"	14.933	0.692	721.38	5836355.36	3.714	152	0.8202	84.22
"50"	"Cafezal do Sul"	4.263	0.611	569.82	1904674.61	913	62	0.6189	77.51
"51"	"Califórnia"	8.1	0.638	698.38	2566674.07	2.044	129	0.751	74.71
"52"	"Cambará"	23.974	0.645	666.89	5036725	6.097	312	0.5588	93.63
"53"	"Cambé"	97.39	0.651	723.34	24984487	21.037	886	0.6575	96.09
"54"	"Cambira"	7.279	0.651	630.19	2884212.65	1.57	98	0.6777	75.66
"55"	"Campina da Lagoa"	15.27	0.623	540.04	5310551.93	4.296	181	0.6049	81.57
"56"	"Campina do Simão"	4.054	0.527	330.48	2325156.85	1.25	54	0.4152	34.05
"57"	"Campina Grande do Sul"	39.092	0.605	671.29	15766802.58	10.552	343	0.5095	82.44
"58"	"Campo Bonito"	4.352	0.562	585.04	3102702.85	1.202	68	0.6772	58.54
"59"	"Campo do Tenente"	7.186	0.606	488.06	5114287.1	1.822	96	0.5039	58.86
"60"	"Campo Largo"	113.882	0.664	749.21	38639205.25	29.882	1.245	0.6628	83.8
"61"	"Campo Magro"	25.184	0.607	567.04	9408481.25	6.183	229	0.5599	78.68
"62"	"Campo Mourão"	87.71	0.689	843.42	27592381.28	23.859	978	0.6972	94.82
"63"	"Cândido de Abreu"	16.491	0.494	438.62	6463639.49	4.454	182	0.4922	28.53
"64"	"Candói"	15.045	0.503	472.4	10078592.5	4.663	199	0.5151	46.89
"65"	"Cantagalo"	12.963	0.522	424.57	5672057.3	3.691	160	0.579	65.7
"66"	"Capanema"	18.549	0.611	701.11	6762186.21	4.617	251	0.6928	60.19
"67"	"Capitão Leônidas Marques"	15.016	0.623	670.16	5276476.36	3.584	162	0.6893	76.75
"68"	"Carambeí"	19.494	0.64	711.5	10750747.23	5.561	274	0.679	72.63
"69"	"Carlópolis"	13.737	0.625	608.82	4289880.19	3.121	137	0.7127	68.24
"70"	"Cascavel"	289.34	0.728	NA	80081483.39	73.921	2.91	0.7196	94.36
"71"	"Castro"	67.353	0.6	639.54	25905271.39	19.567	866	0.6941	73.44
"72"	"Catanduvas"	10.186	0.573	539.43	3687384.13	2.672	124	0.7172	52.36
"73"	"Centenário do Sul"	11.142	0.549	571.32	3053815.11	2.521	113	0.4541	83.41
"74"	"Cerro Azul"	16.983	0.391	342.88	5289282.79	4.267	177	0.2266	28.39
"75"	"Céu Azul"	11.078	0.659	759.41	5696529.94	2.714	160	0.8318	76.02
"76"	"Chopinzinho"	19.613	0.671	802.23	10981417.19	5.416	301	0.7535	63.56
"77"	"Cianorte"	70.922	0.685	837.13	20581945.04	17.045	684	0.7313	89.03
"78"	"Cidade Gaúcha"	11.18	0.645	671.1	3808990.03	3.02	128	0.6992	82.95
"79"	"Clevelândia"	17.156	0.573	696.71	6778854.54	5.153	246	0.39	85.6
"80"	"Colombo"	215.242	0.632	682.85	62708129.82	54.921	2.007	0.5618	95.42
"81"	"Colorado"	22.452	0.649	833.7	5699344.56	5.682	261	0.6265	94
"82"	"Congonhinhas"	8.312	0.562	471.57	NA	2.187	110	0.5892	58.39
"83"	"Conselheiro Mairinck"	3.65	0.65	534.5	1489658.29	1.065	57	0.5269	69.17
"84"	"Contenda"	16.095	0.555	612.8	5226435.75	3.695	158	0.6065	58.09
"85"	"Corbélia"	16.352	0.683	743.65	6159525.12	4.277	201	0.7903	85.68
"86"	"Cornélio Procópio"	46.934	0.692	828.19	14368159.62	11.523	661	0.6515	94.42
"87"	"Coronel Domingos Soares"	7.256	0.447	353.16	4326860.7	2.113	120	0.3408	24.22
"88"	"Coronel Vivida"	21.63	0.653	679.98	8156983.42	5.158	261	0.625	71.01
"89"	"Corumbataí do Sul"	3.93	0.52	409.02	1292403.65	1.022	54	0.5556	53.15
"90"	"Cruz Machado"	18.069	0.545	414.98	8360043.41	5.011	206	0.5191	33.58
"91"	"Cruzeiro do Iguaçu"	4.27	0.641	636.1	2224510.07	1.136	79	0.7883	61.31
"92"	"Cruzeiro do Oeste"	20.431	0.64	617.44	7245864.38	5.014	218	0.7609	86.54
"93"	"Cruzeiro do Sul"	4.548	0.641	558.9	1944287.74	997	45	0.6467	74.6
"94"	"Cruzmaltina"	3.14	0.593	456.21	1835308.51	668	54	0.5343	47.53
"95"	"Curitiba"	NA	0.768	NA	572597075.04	434.966	18.352	0.7358	100
"96"	"Curiúva"	14.002	0.546	455.24	4216080.98	3.544	141	0.4005	68.76
"97"	"Diamante D'Oeste"	5.039	0.532	447.57	2229977.11	1.324	71	0.5021	50.94
"98"	"Diamante do Norte"	5.472	0.657	619.39	2077565.18	1.589	83	0.7684	82.51
"99"	"Diamante do Sul"	3.499	0.479	344.73	1792175.96	1.099	47	0.4435	40.03
"100"	"Dois Vizinhos"	36.501	0.711	836.1	11019392.37	9.419	454	0.7708	77.66
"101"	"Douradina"	7.544	0.644	708.51	2575796.48	1.963	91	0.7141	70.33
"102"	"Doutor Camargo"	5.832	0.702	639.19	1758679.75	1.167	73	0.8721	87.66
"103"	"Doutor Ulysses"	5.706	0.362	277.33	2824250.7	1.684	71	0.2964	16.22
"104"	"Enéas Marques"	6.082	0.664	948.7	2743990.26	1.567	77	0.7877	34.84
"105"	"Engenheiro Beltrão"	13.893	0.677	629.05	5117473.47	3.687	182	0.7913	88.29
"106"	"Entre Rios do Oeste"	3.972	0.686	NA	2817580.78	960	67	0.8639	67.29
"107"	"Esperança Nova"	1.945	0.594	584.46	1136001.4	441	24	0.7783	38.17
"108"	"Espigão Alto do Iguaçu"	4.623	0.521	409.12	3332704.25	1.323	93	0.5026	35.19
"109"	"Farol"	3.435	0.665	521.09	2220985.61	967	58	0.7815	58.12
"110"	"Faxinal"	16.369	0.584	612.79	5258275.99	4.505	240	0.6185	78.09
"111"	"Fazenda Rio Grande"	83.118	0.617	677.31	21843719.82	23.923	942	0.4962	92.96
"112"	"Fênix"	4.792	0.665	514.41	1847588.16	1.357	89	0.6276	83.19
"113"	"Fernandes Pinheiro"	5.899	0.525	446.98	4508300.51	1.752	86	0.6374	35.3
"114"	"Figueira"	8.236	0.569	551.93	2473845.21	2.145	93	0.548	85.51
"115"	"Flor da Serra do Sul"	4.711	0.56	549.7	3097498.81	1.29	66	0.7605	34.79
"116"	"Floraí"	5.032	0.656	792.48	1794116.93	927	56	0.7842	88.55
"117"	"Floresta"	5.994	0.691	649.71	2571338.76	1.426	65	0.6704	92.23
"118"	"Florestópolis"	11.148	0.625	555.82	3840990.5	2.821	134	0.533	93.96
"119"	"Flórida"	2.552	0.679	652.52	1238819.97	620	34	0.8265	91.31
"120"	"Formosa do Oeste"	7.448	0.652	593.44	2355830.48	1.533	100	0.6779	65.91
"121"	"Foz do Iguaçu"	255.9	0.661	842.26	97656162.53	71.104	2.542	0.6539	99.17
"122"	"Foz do Jordão"	5.347	0.496	467.65	2397581.17	1.534	62	0.3849	72.45
"123"	"Francisco Alves"	6.377	0.57	512.87	2332686.29	1.527	87	0.5588	65.97
"124"	"Francisco Beltrão"	79.85	0.726	895.36	25330073.47	20.836	1.044	0.7784	85.44
"125"	"General Carneiro"	13.652	0.532	423.27	5202055.74	3.948	154	0.5555	70.01
"126"	"Godoy Moreira"	3.299	0.578	434.45	1641260.78	822	49	0.6087	46.36
"127"	"Goioerê"	28.962	0.639	707.58	NA	8.604	332	0.6589	86.99
"128"	"Goioxim"	7.459	0.547	320.16	3203927.76	2.192	100	0.2857	23.4
"129"	"Grandes Rios"	6.53	0.55	455.19	2080707.04	1.75	93	0.486	53.74
"130"	"Guaíra"	30.861	0.615	795.84	11762154	8.14	322	0.5353	91.86
"131"	"Guairaçá"	6.22	0.574	614.06	2182115.94	1.508	59	0.6296	80.02
"132"	"Guamiranga"	7.959	0.568	478.34	3093606.34	2.132	99	0.6405	28.3
"133"	"Guapirama"	3.878	0.645	505.91	1541239.25	1.002	55	0.6797	74.53
"134"	"Guaporema"	2.225	0.671	572.72	1577190.17	528	42	0.7842	57.73
"135"	"Guaraci"	5.159	0.598	595.93	1738648.83	1.326	65	0.6082	80.35
"136"	"Guaraniaçu"	14.381	0.528	614.94	4877724.52	4.186	214	0.6832	53.52
"137"	"Guarapuava"	168.349	0.628	750.09	46659505.99	45.732	1.827	0.5952	91.43
"138"	"Guaraqueçaba"	7.839	0.434	307.8	2775882.53	2.28	115	0.1715	34.09
"139"	"Guaratuba"	32.467	0.604	782.92	13966337.48	9.251	414	0.4625	89.75
"140"	"Honório Serpa"	5.883	0.612	443.83	2962897.79	1.723	74	0.5698	33.38
"141"	"Ibaiti"	28.928	0.596	787.74	9087251.16	8.493	384	0.6067	80.4
"142"	"Ibema"	6.081	0.615	499.24	4917432.23	1.766	79	0.7066	81.45
"143"	"Ibiporã"	48.662	0.647	706.25	15558058.64	12.004	601	0.6262	95.22
"144"	"Icaraíma"	8.747	0.554	525.92	2565672.88	2.203	108	0.6182	70.6
"145"	"Iguaraçu"	4.012	0.732	678.32	2058815.32	974	64	0.7034	89.38
"146"	"Iguatu"	2.233	0.637	523.94	1216161.14	553	32	0.8139	64.37
"147"	"Imbaú"	11.413	0.481	418.52	4416155.78	3.062	120	0.3801	62.62
"148"	"Imbituva"	28.759	0.509	553.65	8362917.02	7.301	266	0.578	62.86
"149"	"Inácio Martins"	10.942	0.454	385.92	4099472.09	3.245	129	0.4019	57.46
"150"	"Inajá"	2.994	0.641	538.69	1530488.43	853	41	0.6965	92.4
"151"	"Indianópolis"	4.306	0.642	652.36	2131796.32	1.003	61	0.8289	73.2
"152"	"Ipiranga"	14.215	0.489	564.83	6099500.27	3.592	163	0.5831	34.55
"153"	"Iporã"	14.869	0.611	608.93	4534297.81	3.592	179	0.6655	78.61
"154"	"Iracema do Oeste"	2.55	0.63	524.51	1196694.07	607	51	0.6598	77.66
"155"	"Irati"	56.503	0.64	685.81	15749036.28	14.354	676	0.6687	79.94
"156"	"Iretama"	10.568	0.521	608.11	4232042.45	2.993	139	0.567	58.25
"157"	"Itaguajé"	4.553	0.664	523.98	1598035.29	1.258	59	0.519	79.6
"158"	"Itaipulândia"	9.195	0.608	NA	9095356.54	2.554	127	0.7207	52.53
"159"	"Itambaracá"	6.734	0.639	499.63	3535482.45	1.894	110	0.7213	75.16
"160"	"Itambé"	5.981	0.703	588.49	2435431.52	1.421	65	0.8174	94.9
"161"	"Itapejara d'Oeste"	10.637	0.661	674.12	3803252.17	2.355	105	0.5852	66.35
"162"	"Itaperuçu"	24.236	0.507	468.04	7169946.53	5.95	228	0.2286	83.54
"163"	"Itaúna do Sul"	3.517	0.543	460.51	1641800.58	979	44	0.6586	71.14
"164"	"Ivaí"	12.886	0.534	469.13	4206264.87	3.14	134	0.5754	36.12
"165"	"Ivaiporã"	31.782	0.661	666.73	7369920.95	9.069	519	0.7229	86.24
"166"	"Ivaté"	7.56	0.641	563.82	3231068.26	1.869	95	0.6014	69.64
"167"	"Ivatuba"	3.027	0.748	699.09	1102551.67	1.14	73	0.9279	76.21
"168"	"Jaboti"	4.926	0.64	618.6	1504068.76	1.223	59	0.5862	61.75
"169"	"Jacarezinho"	39.083	0.663	770.55	14625600.5	11.718	506	0.5138	88.89
"170"	"Jaguapitã"	12.325	0.615	681.75	6903074.37	2.906	121	0.6556	84.91
"171"	"Jaguariaíva"	32.747	0.684	616.79	10343695.87	9.287	424	0.5944	86
"172"	"Jandaia do Sul"	20.315	0.703	803.28	5554330.1	5.164	293	0.788	90.44
"173"	"Janiópolis"	6.413	0.593	577.55	2329602.32	1.621	84	0.685	61.82
"174"	"Japira"	4.904	0.603	534.19	1761878.08	1.078	66	0.5529	55.74
"175"	"Japurá"	8.61	0.623	615.19	2406597.32	1.743	85	0.8259	89.12
"176"	"Jardim Alegre"	12.221	0.569	608.16	4050624.3	3.128	186	0.623	58.19
"177"	"Jardim Olinda"	1.401	0.6	515.05	1361072.83	418	30	0.6759	71.04
"178"	"Jataizinho"	11.918	0.574	514.94	4202059.52	3.337	157	0.5812	93.08
"179"	"Jesuítas"	8.938	0.615	551.65	2656228.87	1.816	131	0.7304	67.44
"180"	"Joaquim Távora"	10.819	0.613	618.36	3663734.76	2.647	132	0.748	76.56
"181"	"Jundiaí do Sul"	3.416	0.605	485.95	1410884.14	893	52	0.6628	57.56
"182"	"Juranda"	7.604	0.639	544.87	5227483.51	2.002	104	0.6309	76.42
"183"	"Jussara"	6.634	0.619	688.1	2640168.8	1.49	86	0.7626	89.62
"184"	"Kaloré"	4.465	0.657	528.02	1722006.04	897	80	0.7945	71.42
"185"	"Lapa"	45.137	0.595	608.6	17730845.09	10.928	429	0.5949	60.58
"186"	"Laranjal"	6.308	0.436	297.34	3235228.09	2.016	82	0.3564	31.93
"187"	"Laranjeiras do Sul"	30.835	0.594	659.33	9223928.58	9.423	440	0.7032	81.33
"188"	"Leópolis"	4.123	0.663	477.23	2410018.95	1.014	82	0.4818	57.93
"189"	"Lidianópolis"	3.911	0.598	477.52	1417029.04	904	59	0.7293	51.5
"190"	"Lindoeste"	5.295	0.588	462.44	1998870.9	1.416	71	0.6194	44.47
"191"	"Loanda"	21.328	0.645	725.67	6799767.06	5.234	251	0.7291	90.91
"192"	"Lobato"	4.427	0.692	653.7	2040124.2	1.059	48	0.9143	93.27
"193"	"Londrina"	511.279	0.712	NA	138723583.98	117.935	5.526	0.7334	97.4
"194"	"Luiziana"	7.298	0.58	482.03	3242196.8	1.711	69	0.4326	65.02
"195"	"Lunardelli"	5.122	0.607	471.99	2304076.52	1.336	69	0.6041	69.65
"196"	"Lupionópolis"	4.613	0.595	636.69	4849160.42	1.152	54	0.5257	88.83
"197"	"Mallet"	13.002	0.645	552.86	4588674.72	2.923	152	0.7079	58.35
"198"	"Mamborê"	13.87	0.649	616.46	4727695.04	3.474	149	0.6957	64.35
"199"	"Mandaguaçu"	20.008	0.625	693.16	5727792.25	5.08	207	0.6594	88.9
"200"	"Mandaguari"	32.755	0.689	762.54	9919276.56	8.759	360	0.7882	94.72
"201"	"Mandirituba"	22.58	0.515	539.68	8059651.86	6.137	267	0.481	33.37
"202"	"Manfrinópolis"	3.076	0.52	435.85	1922906.69	859	61	0.6328	20.85
"203"	"Mangueirinha"	16.994	0.579	605.97	10251948.1	4.645	235	0.461	49.24
"204"	"Manoel Ribas"	13.177	0.628	729.51	4271169.53	3.487	210	0.6189	51.67
"205"	"Marechal Cândido Rondon"	47.266	0.704	NA	13715394.84	11.117	562	0.7554	83.61
"206"	"Maria Helena"	5.924	0.607	552.13	2077112.68	1.383	75	0.6613	67.06
"207"	"Marialva"	32.209	0.666	765.58	7999880.32	7.451	381	0.6831	80.7
"208"	"Marilândia do Sul"	8.848	0.599	497.15	3349889.54	2.197	117	0.7008	71.24
"209"	"Marilena"	6.866	0.585	461.09	2851021.07	1.713	88	0.8314	72.67
"210"	"Mariluz"	10.219	0.504	466.87	3575935.42	2.893	118	0.4507	82.81
"211"	"Maringá"	362.329	0.768	NA	97230898.32	81.983	3.64	0.8022	98.2
"212"	"Mariópolis"	6.288	0.591	694.06	2008744.06	1.509	73	0.5759	71.3
"213"	"Maripá"	5.669	0.684	781.94	3202837	1.258	76	0.8805	57.39
"214"	"Marmeleiro"	13.919	0.613	751.42	5235707.81	3.4	169	0.6693	63.48
"215"	"Marquinho"	4.929	0.463	366.3	2145849.76	1.398	70	0.5409	10.52
"216"	"Marumbi"	4.603	0.643	642.72	1575276.61	1.108	74	0.6744	68.24
"217"	"Matelândia"	16.212	0.642	683.91	5493498.45	4.273	215	0.6356	72.23
"218"	"Matinhos"	29.831	0.662	814.03	13244711.86	8.16	307	0.6205	99.49
"219"	"Mato Rico"	3.766	0.536	296.21	1872823.78	1.118	58	0.403	25.07
"220"	"Mauá da Serra"	8.715	0.529	487.69	4795161.67	2.474	109	0.5107	81.98
"221"	"Medianeira"	42.124	0.686	914.67	14919666.46	10.38	510	0.7613	89.41
"222"	"Mercedes"	5.08	0.68	657.38	3069105.75	1.289	71	0.8658	48.34
"223"	"Mirador"	2.314	0.599	474.75	1302689.66	571	38	0.7414	67.86
"224"	"Miraselva"	1.855	0.707	600.03	1408557.05	538	36	0.7577	76.8
"225"	"Missal"	10.478	0.608	678.96	4684147.18	2.564	142	0.7787	51.75
"226"	"Moreira Sales"	12.546	0.57	528.33	3832080.96	3.328	133	0.5943	78.8
"227"	"Morretes"	15.753	0.544	665.51	8278589.33	4.363	176	0.3408	45.67
"228"	"Munhoz de Melo"	3.693	0.634	637.77	1543648.16	912	56	0.7193	80.99
"229"	"Nossa Senhora das Graças"	3.929	0.631	547.55	2512579.28	864	42	0.6127	82.95
"230"	"Nova Aliança do Ivaí"	1.439	0.691	528.26	1237159.65	390	26	0.8794	72.75
"231"	"Nova América da Colina"	3.47	0.643	472.29	1731024.99	940	43	0.6799	72.57
"232"	"Nova Aurora"	11.73	0.642	734.83	3892528.81	2.969	165	0.7237	76.18
"233"	"Nova Cantu"	7.234	0.558	446.81	3347764.32	2.099	107	0.7209	55.27
"234"	"Nova Esperança"	26.684	0.628	719.26	6923611.71	6.726	290	0.6638	91.39
"235"	"Nova Esperança do Sudoeste"	5.086	0.633	678.29	5043023.98	1.225	80	0.6208	34.21
"236"	"Nova Fátima"	8.135	0.584	555.2	2611193.68	1.903	103	0.5605	81.12
"237"	"Nova Laranjeiras"	11.206	0.517	366.26	4151963.87	3.158	167	0.4588	21.1
"238"	"Nova Londrina"	13.06	0.691	777.47	3779805.8	3.598	181	0.7733	91.94
"239"	"Nova Olímpia"	5.521	0.631	619.47	2004346.89	1.344	66	0.7839	85.14
"240"	"Nova Prata do Iguaçu"	10.376	0.646	668.06	4320929.32	2.485	122	0.6648	58.47
"241"	"Nova Santa Bárbara"	3.931	0.588	511.42	2210085.44	1.036	65	0.5059	83.9
"242"	"Nova Santa Rosa"	7.665	0.66	758.84	2725131.59	1.617	85	0.7632	69.7
"243"	"Nova Tebas"	7.239	0.553	408.22	4008248.74	2.035	131	0.6947	39.08
"244"	"Novo Itacolomi"	2.825	0.633	553.56	1333516.3	612	40	0.8329	56.17
"245"	"Ortigueira"	23.24	0.441	408.86	9102316.91	6.337	286	0.4352	41.01
"246"	"Ourizona"	3.379	0.644	709.99	1345322.24	707	39	0.7357	90.06
"247"	"Ouro Verde do Oeste"	5.709	0.634	578.86	2557328.53	1.309	71	0.6011	70.96
"248"	"Paiçandu"	36.333	0.632	610.64	10037511.28	8.801	367	0.6755	98.63
"249"	"Palmas"	43.508	0.505	575.55	16739600.18	12.909	579	0.3728	92.79
"250"	"Palmeira"	32.232	0.618	729.05	11711555.77	8.607	410	0.6633	60.32
"251"	"Palmital"	14.699	0.511	447.15	5546873.43	4.384	210	0.4642	49.77
"252"	"Palotina"	28.907	0.689	904.85	9189958	7.389	382	0.7569	85.93
"253"	"Paraíso do Norte"	11.929	0.668	864.18	3941462.92	3.309	156	0.7261	94.28
"254"	"Paranacity"	10.338	0.638	582.06	3601536.45	2.772	107	0.6343	92.38
"255"	"Paranaguá"	141.477	0.676	765.85	56316440.32	41.94	1.659	0.582	96.38
"256"	"Paranapoema"	2.822	0.629	549.69	1325377.28	769	39	0.5311	89.57
"257"	"Paranavaí"	82.039	0.703	852.66	20908044.82	21.324	844	0.7652	95.27
"258"	"Pato Bragado"	4.882	0.694	824.97	3054447.66	1.216	77	0.8219	62.07
"259"	"Pato Branco"	73.148	0.728	NA	24724492.86	20.78	963	0.8104	94.09
"260"	"Paula Freitas"	5.463	0.622	621.46	5371102.11	1.225	81	0.6903	50.57
"261"	"Paulo Frontin"	6.94	0.639	579.76	2998237.69	1.519	88	0.7542	31.43
"262"	"Peabiru"	13.635	0.629	737.63	4599260.38	3.37	172	0.6228	80.81
"263"	"Perobal"	5.681	0.638	565.43	2144034.07	1.483	70	0.7322	54.48
"264"	"Pérola"	10.28	0.607	637.59	2661783.04	2.23	111	0.6781	79.06
"265"	"Pérola d'Oeste"	6.716	0.679	613.32	2260992.67	1.638	91	0.6805	47.14
"266"	"Piên"	11.347	0.616	541.67	4879509.84	3.127	146	0.6322	40.25
"267"	"Pinhais"	118.334	0.666	911.51	42123393.19	31.983	1.198	0.6217	100
"268"	"Pinhal de São Bento"	2.63	0.626	514.89	1551308.8	1.007	60	0.7036	44.42
"269"	"Pinhalão"	6.215	0.601	545.95	2071948.52	1.756	102	0.6126	63.14
"270"	"Pinhão"	30.347	0.534	454.31	14185012.16	9.351	451	0.4317	50.71
"271"	"Piraí do Sul"	23.561	0.619	631.84	8319506.4	6.295	228	0.551	68.74
"272"	"Piraquara"	94.518	0.574	581.74	30255184.76	24.754	886	0.3813	49.07
"273"	"Pitanga"	32.391	0.621	609.77	10760333.6	9.49	438	0.675	63.09
"274"	"Pitangueiras"	2.845	0.634	518.34	1610240.7	761	48	0.749	72.49
"275"	"Planaltina do Paraná"	4.103	0.646	556.04	1800541.41	1.137	58	0.592	67.72
"276"	"Planalto"	13.619	0.636	641.16	4357429.52	2.885	148	0.7579	44.44
"277"	"Ponta Grossa"	314.518	0.703	877.1	86003302.42	84.896	2.986	0.7077	97.79
"278"	"Pontal do Paraná"	21.427	0.655	782.87	9828323.67	5.953	246	0.6205	99.15
"279"	"Porecatu"	14.06	0.661	742.25	5398932.62	4.159	236	0.7021	80.64
"280"	"Porto Amazonas"	4.536	0.595	655.76	2105955.99	1.286	78	0.4445	65.31
"281"	"Porto Barreiro"	3.622	0.588	535.4	2194686.16	947	62	0.5496	18.86
"282"	"Porto Rico"	2.529	0.68	590.58	1263902.15	677	31	0.7232	69.72
"283"	"Porto Vitória"	4.018	0.6	531.11	2017753.83	967	39	0.7407	55.6
"284"	"Prado Ferreira"	3.456	0.593	652.38	1416726.67	842	48	0.4324	87.8
"285"	"Pranchita"	5.58	0.696	815.6	2225715.41	1.453	105	0.7121	64.05
"286"	"Presidente Castelo Branco"	4.821	0.608	603.83	1862315.33	1.142	65	0.7458	87.73
"287"	"Primeiro de Maio"	10.84	0.599	604.96	3643771.53	2.357	147	0.5709	93.09
"288"	"Prudentópolis"	48.933	0.577	497.84	15382962.89	12.278	521	0.6424	46.04
"289"	"Quarto Centenário"	4.82	0.603	723.41	2324701.31	1.312	68	0.5193	59.97
"290"	"Quatiguá"	7.069	0.655	590.85	2875740.57	1.562	74	0.7404	90.45
"291"	"Quatro Barras"	20.135	0.665	800.4	7937296.43	5.76	275	0.5827	90.38
"292"	"Quatro Pontes"	3.816	0.748	NA	1500930.61	775	49	0.7947	64.08
"293"	"Quedas do Iguaçu"	30.854	0.576	586.88	13657793.22	8.532	417	0.5317	68.57
"294"	"Querência do Norte"	11.752	0.604	509.13	4269530.64	3.555	177	0.6166	64.98
"295"	"Quinta do Sol"	5.037	0.631	583.64	2244795.73	1.326	62	0.4215	74.9
"296"	"Quitandinha"	17.229	0.603	452.08	7988047.29	3.955	174	0.619	28.6
"297"	"Ramilândia"	4.155	0.489	426.7	2970335.57	1.165	54	0.649	49.42
"298"	"Rancho Alegre"	3.937	0.633	590.51	1783651.28	1	60	0.6209	87.74
"299"	"Rancho Alegre D'Oeste"	2.827	0.625	528.21	1328196.23	730	43	0.6054	80.89
"300"	"Realeza"	16.363	0.63	704.94	6799671.69	4.225	220	0.7656	72.2
"301"	"Rebouças"	14.216	0.576	449.27	4707095.4	3.805	187	0.6653	52.94
"302"	"Renascença"	6.801	0.63	831.49	2373350.27	1.632	80	0.7376	51.16
"303"	"Reserva"	25.264	0.461	457.88	8246362.83	7.027	280	0.3415	48.49
"304"	"Reserva do Iguaçu"	7.356	0.521	419.62	4114522.97	2.512	116	0.4786	53.44
"305"	"Ribeirão Claro"	10.661	0.627	639.91	4515168.32	2.766	139	0.7415	66.35
"306"	"Ribeirão do Pinhal"	13.462	0.611	563.87	4938512.74	3.537	197	0.7234	81.91
"307"	"Rio Azul"	14.176	0.544	740.31	4665351.56	3.232	159	0.5568	35.56
"308"	"Rio Bom"	3.318	0.681	524.89	1622608.93	814	44	0.8678	60.2
"309"	"Rio Bonito do Iguaçu"	13.652	0.498	405.76	7315859.85	4.486	248	0.5983	24.32
"310"	"Rio Branco do Ivaí"	3.909	0.537	387.85	1844688.17	1.015	58	0.4708	23.58
"311"	"Rio Branco do Sul"	30.751	0.545	548.8	12924680.43	9.685	421	0.3571	71.92
"312"	"Rio Negro"	31.471	0.705	709.13	10399903.58	8.756	399	0.8157	82.21
"313"	"Rolândia"	58.511	0.661	819.52	19164941.9	13.127	606	0.7319	94.62
"314"	"Roncador"	11.377	0.595	500.36	4190640.01	3.079	145	0.5584	61.71
"315"	"Rondon"	9.025	0.61	724.58	3295601.24	2.145	112	0.7324	79.99
"316"	"Rosário do Ivaí"	5.512	0.577	422.97	1992779.72	1.551	83	0.5772	48.69
"317"	"Sabáudia"	6.149	0.676	663.2	2295337.02	1.498	74	0.7209	83.61
"318"	"Salgado Filho"	4.327	0.604	557.15	2008580.77	1.328	75	0.6791	51.19
"319"	"Salto do Itararé"	5.15	0.631	490.56	1728258.56	1.17	71	0.6662	71.9
"320"	"Salto do Lontra"	13.761	0.625	650.57	4323707.19	3.16	166	0.6387	54.28
"321"	"Santa Amélia"	3.757	0.526	470.75	1692669.69	1.142	63	0.6248	75.89
"322"	"Santa Cecília do Pavão"	3.614	0.661	553.12	1625094.33	913	73	0.5852	83.85
"323"	"Santa Cruz de Monte Castelo"	8.055	0.633	552.67	2551592.25	1.958	104	0.624	71.09
"324"	"Santa Fé"	10.552	0.601	709.44	3441051.25	2.493	90	0.654	88.5
"325"	"Santa Helena"	23.638	0.678	791.53	18545402	6.093	376	0.774	53.76
"326"	"Santa Inês"	1.797	0.659	533.95	1010445.99	498	41	0.7472	65.57
"327"	"Santa Isabel do Ivaí"	8.73	0.656	610.69	3520525.54	2.007	106	0.6828	80.62
"328"	"Santa Izabel do Oeste"	13.242	0.603	540.49	7764976.54	2.948	204	0.7021	56.51
"329"	"Santa Lúcia"	3.91	0.592	578.04	1611027.98	899	49	0.5934	64.61
"330"	"Santa Maria do Oeste"	11.336	0.477	334.84	5954214.54	3.293	156	0.4458	27.92
"331"	"Santa Mariana"	12.356	0.624	564.1	3889329.43	3.014	184	0.5081	66.91
"332"	"Santa Mônica"	3.601	0.63	614.27	1833501.9	1.006	59	0.7422	41.3
"333"	"Santa Tereza do Oeste"	10.3	0.632	573.27	3967597.57	2.579	103	0.6385	77.77
"334"	"Santa Terezinha de Itaipu"	21.031	0.689	688.34	9290465.93	5.847	282	0.7486	90.38
"335"	"Santana do Itararé"	5.22	0.585	467.18	2389613.76	1.285	63	0.5369	65.84
"336"	"Santo Antônio da Platina"	42.92	0.617	765.04	13345367.88	10.622	520	0.5806	86.51
"337"	"Santo Antônio do Caiuá"	2.716	0.632	455.52	1431689.89	735	43	0.7832	77.85
"338"	"Santo Antônio do Paraíso"	2.379	0.662	561.33	1957284.95	602	43	0.7554	75.66
"339"	"Santo Antônio do Sudoeste"	18.972	0.543	585.95	8169334.06	5.25	262	0.6069	72.57
"340"	"Santo Inácio"	5.276	0.641	829.4	2407517.36	1.255	65	0.6616	79.71
"341"	"São Carlos do Ivaí"	6.389	0.547	635.85	2362457.12	1.367	65	0.5022	89.38
"342"	"São Jerônimo da Serra"	11.306	0.503	393.81	5216680.5	3.408	218	0.2846	49.93
"343"	"São João"	10.553	0.66	605.55	4478560.62	2.391	151	0.7492	63.54
"344"	"São João do Caiuá"	5.898	0.551	545.41	2960753.85	1.774	84	0.6628	85.25
"345"	"São João do Ivaí"	11.397	0.611	540.31	3828753.79	2.886	155	0.6819	77
"346"	"São João do Triunfo"	13.803	0.475	471.43	4857058.77	3.296	126	0.4528	29.54
"347"	"São Jorge d'Oeste"	9.068	0.656	641.7	3774833.55	1.918	123	0.6626	57.39
"348"	"São Jorge do Ivaí"	5.512	0.696	738.42	2069590.52	1.156	69	0.8231	86.66
"349"	"São Jorge do Patrocínio"	5.998	0.543	630.8	2601402.97	1.389	81	0.8074	58.58
"350"	"São José da Boa Vista"	6.476	0.594	458.85	2713611.25	1.462	82	0.7225	59.35
"351"	"São José das Palmeiras"	3.81	0.627	570.26	2067378.91	1.002	41	0.6235	62.95
"352"	"São José dos Pinhais"	268.808	0.678	846.93	122021556.49	68.299	2.317	0.5872	89.66
"353"	"São Manoel do Paraná"	2.1	0.64	710.62	1632496.59	547	36	0.8652	55.24
"354"	"São Mateus do Sul"	41.617	0.623	669.78	15814701.95	11.294	541	0.6645	62.31
"355"	"São Miguel do Iguaçu"	25.872	0.588	734.88	12406421.51	6.885	308	0.6406	63.97
"356"	"São Pedro do Iguaçu"	6.431	0.581	573.84	2668473.3	1.619	86	0.5963	62.47
"357"	"São Pedro do Ivaí"	10.221	0.627	632.22	3576276.97	2.381	119	0.6133	79.12
"358"	"São Pedro do Paraná"	2.473	0.616	544.76	2017387.01	638	43	0.7299	65.48
"359"	"São Sebastião da Amoreira"	8.632	0.651	582.81	2366890.8	2.304	132	0.5641	88.02
"360"	"São Tomé"	5.373	0.66	651.78	2092504.04	1.611	85	0.7653	83.12
"361"	"Sapopema"	6.726	0.509	603.35	3170121.64	2.072	110	0.3876	52.73
"362"	"Sarandi"	83.724	0.579	554.48	19259408.13	19.738	733	0.5681	99.15
"363"	"Saudade do Iguaçu"	5.061	0.611	604.56	3280387.66	1.313	65	0.6619	49.78
"364"	"Sengés"	18.463	0.546	479.7	6522868.84	4.721	199	0.6047	82.04
"365"	"Serranópolis do Iguaçu"	4.555	0.662	NA	3837285.41	917	51	0.8	50.83
"366"	"Sertaneja"	5.763	0.651	725.23	3426328.38	1.534	113	0.7171	87.76
"367"	"Sertanópolis"	15.676	0.655	701.27	4678867.08	3.716	201	0.7426	87.68
"368"	"Siqueira Campos"	18.643	0.588	655.16	5265481.34	4.759	260	0.6597	72.74
"369"	"Sulina"	3.354	0.57	563.32	1412897.37	752	46	0.559	40.95
"370"	"Tamarana"	12.458	0.46	398.24	4082715.31	2.317	103	0.5072	47.77
"371"	"Tamboara"	4.696	0.674	546.32	1289261.63	965	53	0.655	85.68
"372"	"Tapejara"	14.712	0.612	599.13	5150978.36	3.984	154	0.6923	90.19
"373"	"Tapira"	5.802	0.619	583.51	2039513.13	1.314	66	0.799	58.86
"374"	"Teixeira Soares"	10.444	0.544	536.39	5145061.45	2.357	111	0.5522	46.64
"375"	"Telêmaco Borba"	70.535	0.657	732.78	18779324.12	19.916	771	0.6165	97.95
"376"	"Terra Boa"	15.864	0.68	653.34	5283266.64	3.611	146	0.7986	82.73
"377"	"Terra Rica"	15.331	0.613	614.23	4499175.14	4.04	172	0.7704	81.27
"378"	"Terra Roxa"	16.795	0.639	611.85	4903698.81	3.785	180	0.5583	76.38
"379"	"Tibagi"	19.414	0.519	543.05	8556385.91	5.637	207	0.5481	60.32
"380"	"Tijucas do Sul"	14.712	0.479	547.62	5774513.91	4.038	146	0.4392	15.72
"381"	"Toledo"	120.934	0.702	876.72	38401066.84	31.585	1.529	0.7963	90.74
"382"	"Tomazina"	8.704	0.622	489.45	2417237.28	1.845	126	0.6077	46.85
"383"	"Três Barras do Paraná"	11.825	0.557	562.22	4051148.59	2.966	152	0.517	51.55
"384"	"Tunas do Paraná"	6.46	0.444	431.27	3569502.91	2.128	76	0.3386	44.63
"385"	"Tuneiras do Oeste"	8.671	0.629	493.46	3041227.92	2.174	116	0.6106	68.69
"386"	"Tupãssi"	7.996	0.649	711.31	3327278.55	2.015	139	0.8447	78.6
"387"	"Turvo"	13.717	0.549	512.21	5441531.73	4.031	180	0.4719	36.55
"388"	"Ubiratã"	21.479	0.669	648.36	6552107.08	5.52	244	0.7245	85.34
"389"	"Umuarama"	101.443	0.698	880.6	25061331.8	23.825	937	0.7431	92.83
"390"	"União da Vitória"	53.059	0.68	674.29	23471886.48	14.804	757	0.7788	94.78
"391"	"Uniflor"	2.474	0.655	586.3	1232089.24	665	36	0.6648	80.58
"392"	"Uraí"	11.441	0.655	617.75	4053160.72	2.853	166	0.6709	81.57
"393"	"Ventania"	10.106	0.543	411.92	4145968.53	2.61	100	0.3154	65.39
"394"	"Vera Cruz do Oeste"	8.921	0.601	632.91	2718291.18	2.278	121	0.6781	76.49
"395"	"Verê"	7.814	0.626	661.18	2979415.6	1.768	95	0.7703	41.65
"396"	"Virmond"	3.951	0.628	655.2	1721865.78	1.016	57	0.6842	47.59
"397"	"Vitorino"	6.531	0.582	742.97	3168308.63	1.366	70	0.7444	61.23
"398"	"Wenceslau Braz"	19.278	0.594	594.42	5797904.66	5.223	259	0.5414	80.37
"399"	"Xambrê"	5.975	0.606	633.91	1746629.66	1.341	66	0.6026	33.1
